0.00 0.0 0.0 0.0 26.8	13.91834	7.2 0.0 19.22778
0.00 0.0 0.0 0.0 26.4	14.02317	5.5 0.0 15.32399
0.00 0.0 0.0 0.0 26.3	14.15983	6.4 0.0 12.47686
0.00 0.0 0.0 0.0 26.2	14.28728	7.3 0.0 10.90232
0.00 0.0 0.0 0.0 26.2	14.07404	7.7 0.0 11.01639
61.11 0.0 0.0 0.0 25.9	14.02740	4.4 0.0 14.25435
241.67 0.0 0.0 0.0 25.9	14.23103	6.1 0.0 23.04709
441.67 0.0 0.0 0.0 26.8	12.80855	7.1 0.0 37.88587
622.22 0.0 0.0 0.0 27.7	12.58217	4.3 0.0 50.80559
766.67 0.0 0.0 0.0 28.5	11.72492	5.1 0.0 78.39095
869.44 0.0 0.0 0.0 29.4	11.59068	5.5 0.0 97.40973
916.67 0.0 0.0 0.0 30.1	10.73802	5.1 0.0 102.41
897.22 0.0 0.0 0.0 30.4	10.11168	8.3 0.0 100.4375
830.56 0.0 0.0 0.0 31.1	10.25230	9.2 0.0 99.42878
705.56 0.0 0.0 0.0 30.1	10.75216	11.6 0.0 101.6318
544.44 0.0 0.0 0.0 29.9	12.75822	9.9 0.0 104.9484
350.00 0.0 0.0 0.0 29.5	12.46616	11 0.0 103.2401
155.56 0.0 0.0 0.0 28.9	13.03714	11.6 0.0 107.1738
16.67 0.0 0.0 0.0 28.1	13.39005	11.9 0.0 95.77986
0.00 0.0 0.0 0.0 27.2	13.36860	12.3 0.0 75.52512
0.00 0.0 0.0 0.0 26.8	13.48873	11.4 0.0 57.78432
0.00 0.0 0.0 0.0 26.6	13.54335	8.5 0.0 50.21478
0.00 0.0 0.0 0.0 26.2	13.43566	10 0.0 34.31791
0.00 0.0 0.0 0.0 26.1	13.56754	9.7 0.0 27.74343
0.00 0.0 0.0 0.0 26.2	13.21973	9.5 0.0 19.22778
0.00 0.0 0.0 0.0 26	13.27184	10.5 0.0 15.32399
0.00 0.0 0.0 0.0 25.7	13.24227	8.5 0.0 12.47686
0.00 0.0 0.0 0.0 25.8	13.11377	9.6 0.0 10.90232
0.00 0.0 0.0 0.0 25.6	13.16039	9 0.0 11.01639
66.67 0.0 0.0 0.0 25.6	13.36467	9.2 0.0 14.25435
241.67 0.0 0.0 0.0 25.4	13.19842	9 0.0 23.04709
438.89 0.0 0.0 0.0 25.9	13.38986	8.7 0.0 37.88587
616.67 0.0 0.0 0.0 26.7	12.94809	9.8 0.0 50.80559
763.89 0.0 0.0 0.0 27.8	12.65173	7.8 0.0 78.39095
863.89 0.0 0.0 0.0 28.3	12.06920	10.1 0.0 97.40973
891.67 0.0 0.0 0.0 28.7	12.36300	11.2 0.0 102.41
891.67 0.0 0.0 0.0 28.6	12.29051	11.7 0.0 100.4375
813.89 0.0 0.0 0.0 29	12.58784	11.4 0.0 99.42878
694.44 0.0 0.0 0.0 29.3	12.81502	12.7 0.0 101.6318
530.56 0.0 0.0 0.0 29.5	12.96719	10.7 0.0 104.9484
338.89 0.0 0.0 0.0 29.2	13.00024	11.8 0.0 103.2401
147.22 0.0 0.0 0.0 28.5	12.96852	13.5 0.0 107.1738
11.11 0.0 0.0 0.0 28.1	13.37517	9.2 0.0 95.77986
0.00 0.0 0.0 0.0 27.4	13.51456	9.2 0.0 75.52512
0.00 0.0 0.0 0.0 27.1	13.71637	9.6 0.0 57.78432
0.00 0.0 0.0 0.0 26.9	13.98733	9.7 0.0 50.21478
0.00 0.0 0.0 0.0 26.7	13.82036	9.7 0.0 34.31791
0.00 0.0 0.0 0.0 26.7	13.82036	9.7 0.0 27.74343
0.00 0.0 0.0 0.0 26.4	13.57527	8.4 0.0 19.22778
0.00 0.0 0.0 0.0 26.2	13.62558	8.2 0.0 15.32399
0.00 0.0 0.0 0.0 25.9	13.79996	7.6 0.0 12.47686
0.00 0.0 0.0 0.0 25.8	13.71613	7.1 0.0 10.90232
0.00 0.0 0.0 0.0 25.6	13.75373	6.6 0.0 11.01639
63.89 0.0 0.0 0.0 25.5	13.66589	8.9 0.0 14.25435
175.00 0.0 0.0 0.0 25.5	13.66315	8.5 0.0 23.04709
430.56 0.0 0.0 0.0 25.7	13.20237	7.8 0.0 37.88587
619.44 0.0 0.0 0.0 26.7	13.35875	9.5 0.0 50.80559
766.67 0.0 0.0 0.0 27.5	12.40026	10.1 0.0 78.39095
866.67 0.0 0.0 0.0 28.4	12.10754	8.8 0.0 97.40973
913.89 0.0 0.0 0.0 29	11.79680	10.1 0.0 102.41
897.22 0.0 0.0 0.0 29.4	11.82436	9.9 0.0 100.4375
822.22 0.0 0.0 0.0 29.8	12.10767	9.8 0.0 99.42878
700.00 0.0 0.0 0.0 29.7	12.04327	12.3 0.0 101.6318
533.33 0.0 0.0 0.0 29.7	12.04692	11.1 0.0 104.9484
341.67 0.0 0.0 0.0 29.7	13.09315	9.5 0.0 103.2401
147.22 0.0 0.0 0.0 29.1	13.14710	9.9 0.0 107.1738
11.11 0.0 0.0 0.0 28.6	13.25367	10.2 0.0 95.77986
0.00 0.0 0.0 0.0 27.5	13.33489	11 0.0 75.52512
0.00 0.0 0.0 0.0 27	13.60764	10.2 0.0 57.78432
0.00 0.0 0.0 0.0 26.9	13.07686	9.6 0.0 50.21478
0.00 0.0 0.0 0.0 26.6	13.49706	10.2 0.0 34.31791
0.00 0.0 0.0 0.0 26.4	13.33697	9.4 0.0 27.74343
0.00 0.0 0.0 0.0 26.2	13.39381	10.4 0.0 19.22778
0.00 0.0 0.0 0.0 25.8	13.69821	8.7 0.0 15.32399
0.00 0.0 0.0 0.0 25.9	13.78055	9.2 0.0 12.47686
0.00 0.0 0.0 0.0 25.7	13.60948	8.6 0.0 10.90232
0.00 0.0 0.0 0.0 25.6	13.93520	7.3 0.0 11.01639
61.11 0.0 0.0 0.0 25.5	13.84621	7.1 0.0 14.25435
238.89 0.0 0.0 0.0 25.6	13.72338	7.2 0.0 23.04709
438.89 0.0 0.0 0.0 26.2	13.16137	6.4 0.0 37.88587
622.22 0.0 0.0 0.0 27.3	12.46470	6 0.0 50.80559
777.78 0.0 0.0 0.0 28	11.33512	6.6 0.0 78.39095
875.00 0.0 0.0 0.0 28.5	11.67895	7.1 0.0 97.40973
919.44 0.0 0.0 0.0 29.4	12.05953	7.1 0.0 102.41
897.22 0.0 0.0 0.0 30.1	12.03160	6.8 0.0 100.4375
825.00 0.0 0.0 0.0 30.5	12.32103	8.2 0.0 99.42878
697.22 0.0 0.0 0.0 30.5	12.60246	7.9 0.0 101.6318
533.33 0.0 0.0 0.0 31.1	13.61866	5.3 0.0 104.9484
338.89 0.0 0.0 0.0 30.8	14.22630	6.1 0.0 103.2401
130.56 0.0 0.0 0.0 30.2	14.00836	6.3 0.0 107.1738
5.56 0.0 0.0 0.0 29.8	14.20332	5.5 0.0 95.77986
0.00 0.0 0.0 0.0 29.1	14.38802	5 0.0 75.52512
0.00 0.0 0.0 0.0 28.7	15.02671	3.6 0.0 57.78432
0.00 0.0 0.0 0.0 28.2	14.82249	2.8 0.0 50.21478
0.00 0.0 0.0 0.0 27.6	16.14880	0.9 0.0 34.31791
0.00 0.0 0.0 0.0 26.1	15.61350	4.7 0.0 27.74343
0.00 0.0 0.0 0.0 23.8	14.32187	4.4 0.0 19.22778
