0   4.4  25.0   22.5   0 
1   5.7  24.9   22.5   1
2   3.2  24.8   22.5   2
3   3.6  24.7   22.5   3
4   2.4  24.7   45.0   4
5   1.6  24.5   22.5   5
6   1.6  24.6   22.5   6
7   1.4  25.2   67.5   7
8   1.4  25.8   45.0   8
9   0.6  27.2  180.0   9
10  1.6  28.4  337.5   10 
11  3.0  28.3  337.5   11
12  3.2  29.8  337.5   12
13  3.5  30.6  315.0   13
14  5.6  31.0  315.0   14
15  4.8  31.2  315.0   15
16  2.3  32.2  315.0   16
17  3.7  30.9  337.5   17
18  4.3  29.3    0.0   18
19  3.3  28.0    0.0   19
20  3.8  27.0    0.0   20
21  2.2  26.4   45.0   21
22  2.4  26.2    0.0   22
23  1.9  26.1    0.0   23
24  0.9  26.1  337.5   0
25  0.2  25.9  337.5   1
26  1.4  24.9  247.5   2
27  1.0  23.2  225.5   3
28  1.4  22.3  225.5   4
29  1.3  21.8  225.5   5
30  1.2  21.5  225.5   6
31  0.5  22.3  225.5   7
32  0.2  22.8  225.5   8
33  0.8  24.0  225.5   9
34  1.3  25.1  247.5  10
35  1.3  26.6  247.5  11
36  3.7  26.8  292.5  12
37  1.2  25.3  225.5  13
38  1.1  24.7  225.5  14
39  2.5  24.6  247.5  15
40  3.1  25.3  247.5  16
41  2.0  24.9  247.5  17
42  2.1  23.7  247.5  18
43  1.8  22.7  225.0  19
44  1.6  22.1  225.0  20
45  2.1  22.1  247.5  21
46  0.7  22.0  247.5  22
47  0.8  22.0  225.0  23
48  1.2  21.9  225.0  0
49  0.6  21.6  202.5  1
50  0.9  21.0  202.5  2
51  1.4  20.9  202.5  3
52  0.9  21.1  225.0  4
53  1.4  21.3  202.5  5
54  0.9  21.8  202.5  6
55  0.5  22.6  225.0  7
56  0.7  22.9  202.5  8
57  0.9  24.0  202.5  9
58  0.4  25.2  315.0  10
59  1.5  25.3  315.0  11
60  0.3  26.5  135.0  12
61  3.4  27.0  292.5  13
62  3.6  27.2  315.0  14
63  3.3  27.7  337.5  15
64  3.0  27.8   22.5  16  
65  3.6  28.0    0.0  17
66  4.6  27.4    0.0  18
67  3.1  26.7    0.0  19
68  3.2  26.2   22.5  20
69  4.1  25.2   45.0  21
70  4.1  24.7   45.0  22
71  2.1  24.6   67.5  23
72  2.9  24.4   22.5  0
73  2.4  24.4   45.0  1
74  1.8  24.4   90.0  2
75  1.5  24.4   45.0  3
76  2.8  24.2   22.5  4
77  3.0  24.1   45.0  5
78  2.3  24.3   67.5  6
79  1.7  24.8   22.5  7
80  0.5  25.8   45.0  8
81  1.0  27.5   22.5  9
82  1.5  29.2  315.0  10
83  2.4  29.8  315.0  11
84  3.8  30.4  315.0  12
85  3.9  30.1  315.0  13
86  3.8  29.9  315.0  14
87  4.3  30.0  337.5  15
88  3.6  30.3  337.5  16
89  3.0  30.2  337.5  17
90  3.7  29.7    0.0  18
91  2.9  29.1    0.0  19
92  2.2  28.5   22.5  20  
93  2.9  27.8    0.0  21
94  3.5  28.6    0.0  22
95  3.2  28.7   22.5  23
96  2.9  27.3   22.5  0


