26.8 1005.3 63
26.4 1005.2 65
26.3 1004.8 66
26.2 1004.9 67
26.2 1004.9 66
25.9 1005.3 67
25.9 1005.7 68
26.8 1005.7 58
27.7 1005.5 54
28.5 1005.5 48
29.4 1005.3 45
30.1 1004.8 40
30.4 1004.4 37
31.1 1003.8 36
30.1 1003.5 40
29.9 1003.1 48
29.5 1002.9 48
28.9 1003 52
28.1 1003.3 56
27.2 1003.8 59
26.8 1004.4 61
26.6 1004.7 62
26.2 1004.8 63
26.1 1004.8 64
26.2 1005 62
26 1005.1 63
25.7 1005.1 64
25.8 1005.1 63
25.6 1005.3 64
25.6 1005.4 65
25.4 1005.9 65
25.9 1006 64
26.7 1006 59
27.8 1005.9 54
28.3 1005.6 50
28.7 1005.1 50
28.6 1005.1 50
29 1004.7 50
29.3 1004.4 50
29.5 1004.3 50
29.2 1004 51
28.5 1003.8 53
28.1 1004.4 56
27.4 1004.8 59
27.1 1005.5 61
26.9 1006.3 63
26.7 1006.4 63
26.7 1006.4 63
26.4 1006.4 63
26.2 1006.5 64
25.9 1006.6 66
25.8 1006.7 66
25.6 1007 67
25.5 1007.4 67
25.5 1007.6 67
25.7 1008.1 64
26.7 1008.1 61
27.5 1008.2 54
28.4 1008.3 50
29 1007.7 47
29.4 1007.3 46
29.8 1007 46
29.7 1006.5 46
29.7 1006.2 46
29.7 1006.3 50
29.1 1006.3 52
28.6 1006.6 54
27.5 1007 58
27 1007.5 61
26.9 1008 59
26.6 1008.1 62
26.4 1008.1 62
26.2 1007.9 63
25.8 1008 66
25.9 1008 66
25.7 1008.5 66
25.6 1008.7 68
25.5 1009.1 68
25.6 1009.2 67
26.2 1009.4 62
27.3 1009.5 55
28 1009.8 48
28.5 1009.4 48
29.4 1009.1 47
30.1 1008.8 45
30.5 1008.3 45
30.5 1007.7 46
31.1 1007.5 48
30.8 1007.1 51
30.2 1007.1 52
29.8 1007.7 54
29.1 1007.9 57
28.7 1008.8 61
28.2 1009.3 62
27.6 1009.5 70
26.1 1009.5 74
23.8 1009.8 78
