0.000 0.000 0.000 0.000 25.000 20.359 4.400 0.000 19.228 75 1009.1
0.000 0.000 0.000 0.000 24.900 20.245 5.700 0.000 15.324 76 1008.7
0.000 0.000 0.000 0.000 24.800 20.125 3.200 0.000 12.477 78 1008.6
0.000 0.000 0.000 0.000 24.700 20.002 3.600 0.000 10.902 78 1008.7
0.000 0.000 0.000 0.000 24.700 20.002 2.400 0.000 11.016 78 1008.7
0.000 0.000 0.000 0.000 24.500 19.757 1.600 0.000 14.254 78 1008.9
61.111 0.000 0.000 0.000 24.600 19.873 1.600 0.000 23.047 79 1009.1
227.778 0.000 0.000 0.000 25.200 20.595 1.400 0.000 37.886 75 1009.6
266.667 0.000 0.000 0.000 25.800 21.349 1.400 0.000 50.806 70 1009.7
458.333 0.000 0.000 0.000 27.200 23.214 0.600 0.000 78.391 65 1009.5
644.444 0.000 0.000 0.000 28.400 24.925 1.600 0.000 97.410 60 1009.4
775.000 0.000 0.000 0.000 28.300 24.791 3.000 0.000 102.410 62 1008.9
827.778 0.000 0.000 0.000 29.800 27.083 3.200 0.000 100.438 58 1008.5
727.778 0.000 0.000 0.000 30.600 28.384 3.500 0.000 99.429 50 1008.2
658.333 0.000 0.000 0.000 31.000 29.065 5.600 0.000 101.632 54 1007.7
605.556 0.000 0.000 0.000 31.200 29.404 4.800 0.000 104.948 50 1007.7
436.111 0.000 0.000 0.000 32.200 31.156 2.300 0.000 103.240 47 1007.5
208.333 0.000 0.000 0.000 30.900 28.909 3.700 0.000 107.174 49 1007.3
152.778 0.000 0.000 0.000 29.300 26.333 4.300 0.000 95.780 60 1007.4
25.000 0.000 0.000 0.000 28.000 24.374 3.300 0.000 75.525 65 1008.2
0.000 0.000 0.000 0.000 27.000 22.957 3.800 0.000 57.784 70 1008.8
0.000 0.000 0.000 0.000 26.400 22.139 2.200 0.000 50.215 71 1009.3
0.000 0.000 0.000 0.000 26.200 21.873 2.400 0.000 34.318 72 1009.4
0.000 0.000 0.000 0.000 26.100 21.747 1.900 0.000 27.743 73 1009.2
0.000 0.000 0.000 0.000 26.100 21.752 0.900 0.000 19.228 75 1009
0.000 0.000 0.000 0.000 25.900 21.500 0.200 0.000 15.324 76 1008.7
0.000 0.000 0.000 0.000 24.900 20.245 1.400 0.000 12.477 82 1008.7
0.000 0.000 0.000 0.000 23.200 18.254 1.000 0.000 10.902 81 1009
0.000 0.000 0.000 0.000 22.300 17.272 1.400 0.000 11.016 81 1009.2
0.000 0.000 0.000 0.000 21.800 16.739 1.300 0.000 14.254 81 1009.7
25.000 0.000 0.000 0.000 21.500 16.427 1.200 0.000 23.047 80 1010
83.333 0.000 0.000 0.000 22.300 17.257 0.500 0.000 37.886 79 1010
152.778 0.000 0.000 0.000 22.800 17.791 0.200 0.000 50.806 77 1010.2
280.556 0.000 0.000 0.000 24.000 19.142 0.800 0.000 78.391 72 1010.2
602.778 0.000 0.000 0.000 25.100 20.465 1.300 0.000 97.410 68 1009.9
683.333 0.000 0.000 0.000 26.600 22.402 1.300 0.000 102.410 64 1009.4
494.444 0.000 0.000 0.000 26.800 22.678 3.700 0.000 100.438 64 1009.1
508.333 0.000 0.000 0.000 25.300 20.732 1.200 0.000 99.429 66 1009
430.556 0.000 0.000 0.000 24.700 19.996 1.100 0.000 101.632 65 1009
372.222 0.000 0.000 0.000 24.600 19.881 2.500 0.000 104.948 64 1008.7
441.667 0.000 0.000 0.000 25.300 20.741 3.100 0.000 103.240 64 1008.6
255.556 0.000 0.000 0.000 24.900 20.247 2.000 0.000 107.174 65 1008.6
94.444 0.000 0.000 0.000 23.700 18.819 2.100 0.000 95.780 70 1009
5.556 0.000 0.000 0.000 22.700 17.697 1.800 0.000 75.525 75 1009.4
0.000 0.000 0.000 0.000 22.100 17.050 1.600 0.000 57.784 74 1009.8
0.000 0.000 0.000 0.000 22.100 17.045 2.100 0.000 50.215 74 1010.1
0.000 0.000 0.000 0.000 22.000 16.938 0.700 0.000 34.318 76 1010.2
0.000 0.000 0.000 0.000 22.000 16.938 0.800 0.000 27.743 76 1010.2
0.000 0.000 0.000 0.000 21.900 16.843 1.200 0.000 19.228 75 1009.7
0.000 0.000 0.000 0.000 21.600 16.543 0.600 0.000 15.324 74 1009.2
0.000 0.000 0.000 0.000 21.000 15.945 0.900 0.000 12.477 74 1008.9
0.000 0.000 0.000 0.000 20.900 15.841 1.400 0.000 10.902 74 1009.2
0.000 0.000 0.000 0.000 21.100 16.044 0.900 0.000 11.016 70 1008.9
2.778 0.000 0.000 0.000 21.300 16.244 1.400 0.000 14.254 67 1008.9
72.222 0.000 0.000 0.000 21.800 16.757 0.900 0.000 23.047 62 1008.7
172.222 0.000 0.000 0.000 22.600 17.594 0.500 0.000 37.886 64 1009.1
180.556 0.000 0.000 0.000 22.900 17.921 0.700 0.000 50.806 62 1009.1
419.444 0.000 0.000 0.000 24.000 19.165 0.900 0.000 78.391 60 1009
319.444 0.000 0.000 0.000 25.200 20.612 0.400 0.000 97.410 61 1008.8
330.556 0.000 0.000 0.000 25.300 20.747 1.500 0.000 102.410 62 1008.3
277.778 0.000 0.000 0.000 26.500 22.308 0.300 0.000 100.438 62 1007.7
422.222 0.000 0.000 0.000 27.000 22.995 3.400 0.000 99.429 60 1007.2
475.000 0.000 0.000 0.000 27.200 23.282 3.600 0.000 101.632 60 1006.7
588.889 0.000 0.000 0.000 27.700 23.997 3.300 0.000 104.948 62 1006.1
311.111 0.000 0.000 0.000 27.800 24.147 3.000 0.000 103.240 62 1005.8
216.667 0.000 0.000 0.000 28.000 24.447 3.600 0.000 107.174 62 1005.3
125.000 0.000 0.000 0.000 27.400 23.589 4.600 0.000 95.780 64 1005.5
16.667 0.000 0.000 0.000 26.700 22.620 3.100 0.000 75.525 66 1005.8
0.000 0.000 0.000 0.000 26.200 21.944 3.200 0.000 57.784 68 1006.3
0.000 0.000 0.000 0.000 25.200 20.657 4.100 0.000 50.215 71 1006.7
0.000 0.000 0.000 0.000 24.700 20.049 4.100 0.000 34.318 75 1006.4
0.000 0.000 0.000 0.000 24.600 19.935 2.100 0.000 27.743 77 1006.1
0.000 0.000 0.000 0.000 24.400 19.707 2.900 0.000 19.228 79 1005.5
0.000 0.000 0.000 0.000 24.400 19.713 2.400 0.000 15.324 81 1005.2
0.000 0.000 0.000 0.000 24.400 19.715 1.800 0.000 12.477 81 1005.1
0.000 0.000 0.000 0.000 24.400 19.709 1.500 0.000 10.902 81 1005.4
0.000 0.000 0.000 0.000 24.200 19.468 2.800 0.000 11.016 81 1005.6
0.000 0.000 0.000 0.000 24.100 19.342 3.000 0.000 14.254 83 1006
38.889 0.000 0.000 0.000 24.300 19.572 2.300 0.000 23.047 81 1006.3
194.444 0.000 0.000 0.000 24.800 20.175 1.700 0.000 37.886 76 1006.2
391.667 0.000 0.000 0.000 25.800 21.420 0.500 0.000 50.806 70 1006.5
583.333 0.000 0.000 0.000 27.500 23.707 1.000 0.000 78.391 64 1006.4
552.778 0.000 0.000 0.000 29.200 26.212 1.500 0.000 97.410 59 1006.2
516.667 0.000 0.000 0.000 29.800 27.154 2.400 0.000 102.410 59 1006
627.778 0.000 0.000 0.000 30.400 28.132 3.800 0.000 100.438 59 1005.6
391.667 0.000 0.000 0.000 30.100 27.648 3.900 0.000 99.429 60 1005.5
433.333 0.000 0.000 0.000 29.900 27.338 3.800 0.000 101.632 58 1005.1
433.333 0.000 0.000 0.000 30.000 27.510 4.300 0.000 104.948 59 1004.7
416.667 0.000 0.000 0.000 30.300 27.998 3.600 0.000 103.240 56 1004.6
255.556 0.000 0.000 0.000 30.200 27.838 3.000 0.000 107.174 53 1004.5
94.444 0.000 0.000 0.000 29.700 27.029 3.700 0.000 95.780 55 1004.8
16.667 0.000 0.000 0.000 29.100 26.091 2.900 0.000 75.525 59 1005
0.000 0.000 0.000 0.000 28.500 25.169 2.200 0.000 57.784 65 1005.7
0.000 0.000 0.000 0.000 27.800 24.140 2.900 0.000 50.215 69 1006.1
0.000 0.000 0.000 0.000 28.600 25.307 3.500 0.000 34.318 71 1006.1
0.000 0.000 0.000 0.000 28.700 25.453 3.200 0.000 27.743 77 1006.2
0.000 0.000 0.000 0.000 27.300 23.437 2.900 0.000 19.228 77 1006
