   0.00000   0.00000   0.00000   0.00000  25.00000  15.26912   4.40000   0.00000  19.22800
   0.00000   0.00000   0.00000   0.00000  24.90000  15.38602   5.70000   0.00000  15.32400
   0.00000   0.00000   0.00000   0.00000  24.80000  15.69750   3.20000   0.00000  12.47700
   0.00000   0.00000   0.00000   0.00000  24.70000  15.60135   3.60000   0.00000  10.90200
   0.00000   0.00000   0.00000   0.00000  24.70000  15.60135   2.40000   0.00000  11.01600
   0.00000   0.00000   0.00000   0.00000  24.50000  15.41063   1.60000   0.00000  14.25400
  61.11100   0.00000   0.00000   0.00000  24.60000  15.69966   1.60000   0.00000  23.04700
 227.77800   0.00000   0.00000   0.00000  25.20000  15.44627   1.40000   0.00000  37.88600
 266.66700   0.00000   0.00000   0.00000  25.80000  14.94426   1.40000   0.00000  50.80600
 458.33300   0.00000   0.00000   0.00000  27.20000  15.08929   0.60000   0.00000  78.39100
 644.44400   0.00000   0.00000   0.00000  28.40000  14.95497   1.60000   0.00000  97.41000
 775.00000   0.00000   0.00000   0.00000  28.30000  15.37060   3.00000   0.00000 102.41000
 827.77800   0.00000   0.00000   0.00000  29.80000  15.70838   3.20000   0.00000 100.43800
 727.77800   0.00000   0.00000   0.00000  30.60000  14.19193   3.50000   0.00000  99.42900
 658.33300   0.00000   0.00000   0.00000  31.00000  15.69525   5.60000   0.00000 101.63200
 605.55600   0.00000   0.00000   0.00000  31.20000  14.70190   4.80000   0.00000 104.94800
 436.11100   0.00000   0.00000   0.00000  32.20000  14.64333   2.30000   0.00000 103.24000
 208.33300   0.00000   0.00000   0.00000  30.90000  14.16559   3.70000   0.00000 107.17400
 152.77800   0.00000   0.00000   0.00000  29.30000  15.79978   4.30000   0.00000  95.78000
  25.00000   0.00000   0.00000   0.00000  28.00000  15.84299   3.30000   0.00000  75.52500
   0.00000   0.00000   0.00000   0.00000  27.00000  16.06960   3.80000   0.00000  57.78400
   0.00000   0.00000   0.00000   0.00000  26.40000  15.71843   2.20000   0.00000  50.21500
   0.00000   0.00000   0.00000   0.00000  26.20000  15.74879   2.40000   0.00000  34.31800
   0.00000   0.00000   0.00000   0.00000  26.10000  15.87556   1.90000   0.00000  27.74300
   0.00000   0.00000   0.00000   0.00000  26.10000  16.31388   0.90000   0.00000  19.22800
   0.00000   0.00000   0.00000   0.00000  25.90000  16.33964   0.20000   0.00000  15.32400
   0.00000   0.00000   0.00000   0.00000  24.90000  16.60070   1.40000   0.00000  12.47700
   0.00000   0.00000   0.00000   0.00000  23.20000  14.78594   1.00000   0.00000  10.90200
   0.00000   0.00000   0.00000   0.00000  22.30000  13.99001   1.40000   0.00000  11.01600
   0.00000   0.00000   0.00000   0.00000  21.80000  13.55899   1.30000   0.00000  14.25400
  25.00000   0.00000   0.00000   0.00000  21.50000  13.14182   1.20000   0.00000  23.04700
  83.33300   0.00000   0.00000   0.00000  22.30000  13.63332   0.50000   0.00000  37.88600
 152.77800   0.00000   0.00000   0.00000  22.80000  13.69920   0.20000   0.00000  50.80600
 280.55600   0.00000   0.00000   0.00000  24.00000  13.78204   0.80000   0.00000  78.39100
 602.77800   0.00000   0.00000   0.00000  25.10000  13.91620   1.30000   0.00000  97.41000
 683.33300   0.00000   0.00000   0.00000  26.60000  14.33738   1.30000   0.00000 102.41000
 494.44400   0.00000   0.00000   0.00000  26.80000  14.51382   3.70000   0.00000 100.43800
 508.33300   0.00000   0.00000   0.00000  25.30000  13.68327   1.20000   0.00000  99.42900
 430.55600   0.00000   0.00000   0.00000  24.70000  12.99710   1.10000   0.00000 101.63200
 372.22200   0.00000   0.00000   0.00000  24.60000  12.72397   2.50000   0.00000 104.94800
 441.66700   0.00000   0.00000   0.00000  25.30000  13.27411   3.10000   0.00000 103.24000
 255.55600   0.00000   0.00000   0.00000  24.90000  13.16045   2.00000   0.00000 107.17400
  94.44400   0.00000   0.00000   0.00000  23.70000  13.17339   2.10000   0.00000  95.78000
   5.55600   0.00000   0.00000   0.00000  22.70000  13.27284   1.80000   0.00000  75.52500
   0.00000   0.00000   0.00000   0.00000  22.10000  12.61697   1.60000   0.00000  57.78400
   0.00000   0.00000   0.00000   0.00000  22.10000  12.61307   2.10000   0.00000  50.21500
   0.00000   0.00000   0.00000   0.00000  22.00000  12.87314   0.70000   0.00000  34.31800
   0.00000   0.00000   0.00000   0.00000  22.00000  12.87314   0.80000   0.00000  27.74300
   0.00000   0.00000   0.00000   0.00000  21.90000  12.63225   1.20000   0.00000  19.22800
   0.00000   0.00000   0.00000   0.00000  21.60000  12.24159   0.60000   0.00000  15.32400
   0.00000   0.00000   0.00000   0.00000  21.00000  11.79904   0.90000   0.00000  12.47700
   0.00000   0.00000   0.00000   0.00000  20.90000  11.72244   1.40000   0.00000  10.90200
   0.00000   0.00000   0.00000   0.00000  21.10000  11.23066   0.90000   0.00000  11.01600
   2.77800   0.00000   0.00000   0.00000  21.30000  10.88331   1.40000   0.00000  14.25400
  72.22200   0.00000   0.00000   0.00000  21.80000  10.38919   0.90000   0.00000  23.04700
 172.22200   0.00000   0.00000   0.00000  22.60000  11.26043   0.50000   0.00000  37.88600
 180.55600   0.00000   0.00000   0.00000  22.90000  11.11085   0.70000   0.00000  50.80600
 419.44400   0.00000   0.00000   0.00000  24.00000  11.49927   0.90000   0.00000  78.39100
 319.44400   0.00000   0.00000   0.00000  25.20000  12.57336   0.40000   0.00000  97.41000
 330.55600   0.00000   0.00000   0.00000  25.30000  12.86329   1.50000   0.00000 102.41000
 277.77800   0.00000   0.00000   0.00000  26.50000  13.83104   0.30000   0.00000 100.43800
 422.22200   0.00000   0.00000   0.00000  27.00000  13.79679   3.40000   0.00000  99.42900
 475.00000   0.00000   0.00000   0.00000  27.20000  13.96905   3.60000   0.00000 101.63200
 588.88900   0.00000   0.00000   0.00000  27.70000  14.87839   3.30000   0.00000 104.94800
 311.11100   0.00000   0.00000   0.00000  27.80000  14.97137   3.00000   0.00000 103.24000
 216.66700   0.00000   0.00000   0.00000  28.00000  15.15735   3.60000   0.00000 107.17400
 125.00000   0.00000   0.00000   0.00000  27.40000  15.09708   4.60000   0.00000  95.78000
  16.66700   0.00000   0.00000   0.00000  26.70000  14.92944   3.10000   0.00000  75.52500
   0.00000   0.00000   0.00000   0.00000  26.20000  14.92168   3.20000   0.00000  57.78400
   0.00000   0.00000   0.00000   0.00000  25.20000  14.66640   4.10000   0.00000  50.21500
   0.00000   0.00000   0.00000   0.00000  24.70000  15.03705   4.10000   0.00000  34.31800
   0.00000   0.00000   0.00000   0.00000  24.60000  15.34977   2.10000   0.00000  27.74300
   0.00000   0.00000   0.00000   0.00000  24.40000  15.56870   2.90000   0.00000  19.22800
   0.00000   0.00000   0.00000   0.00000  24.40000  15.96781   2.40000   0.00000  15.32400
   0.00000   0.00000   0.00000   0.00000  24.40000  15.96947   1.80000   0.00000  12.47700
   0.00000   0.00000   0.00000   0.00000  24.40000  15.96450   1.50000   0.00000  10.90200
   0.00000   0.00000   0.00000   0.00000  24.20000  15.76892   2.80000   0.00000  11.01600
   0.00000   0.00000   0.00000   0.00000  24.10000  16.05391   3.00000   0.00000  14.25400
  38.88900   0.00000   0.00000   0.00000  24.30000  15.85329   2.30000   0.00000  23.04700
 194.44400   0.00000   0.00000   0.00000  24.80000  15.33304   1.70000   0.00000  37.88600
 391.66700   0.00000   0.00000   0.00000  25.80000  14.99384   0.50000   0.00000  50.80600
 583.33300   0.00000   0.00000   0.00000  27.50000  15.17269   1.00000   0.00000  78.39100
 552.77800   0.00000   0.00000   0.00000  29.20000  15.46496   1.50000   0.00000  97.41000
 516.66700   0.00000   0.00000   0.00000  29.80000  16.02079   2.40000   0.00000 102.41000
 627.77800   0.00000   0.00000   0.00000  30.40000  16.59778   3.80000   0.00000 100.43800
 391.66700   0.00000   0.00000   0.00000  30.10000  16.58858   3.90000   0.00000  99.42900
 433.33300   0.00000   0.00000   0.00000  29.90000  15.85630   3.80000   0.00000 101.63200
 433.33300   0.00000   0.00000   0.00000  30.00000  16.23082   4.30000   0.00000 104.94800
 416.66700   0.00000   0.00000   0.00000  30.30000  15.67877   3.60000   0.00000 103.24000
 255.55600   0.00000   0.00000   0.00000  30.20000  14.75424   3.00000   0.00000 107.17400
  94.44400   0.00000   0.00000   0.00000  29.70000  14.86622   3.70000   0.00000  95.78000
  16.66700   0.00000   0.00000   0.00000  29.10000  15.39375   2.90000   0.00000  75.52500
   0.00000   0.00000   0.00000   0.00000  28.50000  16.35964   2.20000   0.00000  57.78400
   0.00000   0.00000   0.00000   0.00000  27.80000  16.65650   2.90000   0.00000  50.21500
   0.00000   0.00000   0.00000   0.00000  28.60000  17.96780   3.50000   0.00000  34.31800
   0.00000   0.00000   0.00000   0.00000  28.70000  19.59915   3.20000   0.00000  27.74300
   0.00000   0.00000   0.00000   0.00000  27.30000  18.04683   2.90000   0.00000  19.22800
