13.91834
14.02317
14.15983
14.28728
14.07404
14.02740
14.23103
12.80855
12.58217
11.72492
11.59068
10.73802
10.11168
10.25230
10.75216
12.75822
12.46616
13.03714
13.39005
13.36860
13.48873
13.54335
13.43566
13.56754
13.21973
13.27184
13.24227
13.11377
13.16039
13.36467
13.19842
13.38986
12.94809
12.65173
12.06920
12.36300
12.29051
12.58784
12.81502
12.96719
13.00024
12.96852
13.37517
13.51456
13.71637
13.98733
13.82036
13.82036
13.57527
13.62558
13.79996
13.71613
13.75373
13.66589
13.66315
13.20237
13.35875
12.40026
12.10754
11.79680
11.82436
12.10767
12.04327
12.04692
13.09315
13.14710
13.25367
13.33489
13.60764
13.07686
13.49706
13.33697
13.39381
13.69821
13.78055
13.60948
13.93520
13.84621
13.72338
13.16137
12.46470
11.33512
11.67895
12.05953
12.03160
12.32103
12.60246
13.61866
14.22630
14.00836
14.20332
14.38802
15.02671
14.82249
16.14880
15.61350
14.32187
