7.2 0.0 19.22778
5.5 0.0 15.32399
6.4 0.0 12.47686
7.3 0.0 10.90232
7.7 0.0 11.01639
4.4 0.0 14.25435
6.1 0.0 23.04709
7.1 0.0 37.88587
4.3 0.0 50.80559
5.1 0.0 78.39095
5.5 0.0 97.40973
5.1 0.0 102.41
8.3 0.0 100.4375
9.2 0.0 99.42878
11.6 0.0 101.6318
9.9 0.0 104.9484
11 0.0 103.2401
11.6 0.0 107.1738
11.9 0.0 95.77986
12.3 0.0 75.52512
11.4 0.0 57.78432
8.5 0.0 50.21478
10 0.0 34.31791
9.7 0.0 27.74343
9.5 0.0 19.22778
10.5 0.0 15.32399
8.5 0.0 12.47686
9.6 0.0 10.90232
9 0.0 11.01639
9.2 0.0 14.25435
9 0.0 23.04709
8.7 0.0 37.88587
9.8 0.0 50.80559
7.8 0.0 78.39095
10.1 0.0 97.40973
11.2 0.0 102.41
11.7 0.0 100.4375
11.4 0.0 99.42878
12.7 0.0 101.6318
10.7 0.0 104.9484
11.8 0.0 103.2401
13.5 0.0 107.1738
9.2 0.0 95.77986
9.2 0.0 75.52512
9.6 0.0 57.78432
9.7 0.0 50.21478
9.7 0.0 34.31791
9.7 0.0 27.74343
8.4 0.0 19.22778
8.2 0.0 15.32399
7.6 0.0 12.47686
7.1 0.0 10.90232
6.6 0.0 11.01639
8.9 0.0 14.25435
8.5 0.0 23.04709
7.8 0.0 37.88587
9.5 0.0 50.80559
10.1 0.0 78.39095
8.8 0.0 97.40973
10.1 0.0 102.41
9.9 0.0 100.4375
9.8 0.0 99.42878
12.3 0.0 101.6318
11.1 0.0 104.9484
9.5 0.0 103.2401
9.9 0.0 107.1738
10.2 0.0 95.77986
11 0.0 75.52512
10.2 0.0 57.78432
9.6 0.0 50.21478
10.2 0.0 34.31791
9.4 0.0 27.74343
10.4 0.0 19.22778
8.7 0.0 15.32399
9.2 0.0 12.47686
8.6 0.0 10.90232
7.3 0.0 11.01639
7.1 0.0 14.25435
7.2 0.0 23.04709
6.4 0.0 37.88587
6 0.0 50.80559
6.6 0.0 78.39095
7.1 0.0 97.40973
7.1 0.0 102.41
6.8 0.0 100.4375
8.2 0.0 99.42878
7.9 0.0 101.6318
5.3 0.0 104.9484
6.1 0.0 103.2401
6.3 0.0 107.1738
5.5 0.0 95.77986
5 0.0 75.52512
3.6 0.0 57.78432
2.8 0.0 50.21478
0.9 0.0 34.31791
4.7 0.0 27.74343
4.4 0.0 19.22778
