0   0.9    395.3  0
1   0.5    393.4  1
2   0.6    389.8  2
3   0.1    400.0  3
4   0.3    397.6  4
5   24.4   387.5  5
6   157.4  400.0  6
7   352.7  412.3  7
8   531.3  426.4  8
9   652.7  436.5  9
10  716.1  442.8  10
11  804.6  448.7  11
12  799.8  447.7  12
13  714.7  448.1  13
14  567.0  449.1  14
15  385.2  443.4  15
16  139.2  435.1  16
17  36.3   431.1  17
18  1.3    423.8  18
19  0.2    416.2  19
20  0.2    412.9  20
21  0.2    411.6  21
22  0.5    409.7  22
23  0.7    405.1  23
24  0.9    395.3  0
25  0.5    393.4  1
26  0.6    389.8  2
27  0.1    400.0  3
28  0.3    397.6  4
29  24.4   387.5  5
30  157.4  400.0  6
31  352.7  412.3  7
32  531.3  426.4  8
33  652.7  436.5  9
34  716.1  442.8  10
35  804.6  448.7  11
36  799.8  447.7  12
37  714.7  448.1  13
38  567.0  449.1  14
39  385.2  443.4  15
40  139.2  435.1  16
41  36.3   431.1  17
42  1.3    423.8  18
43  0.2    416.2  19
44  0.2    412.9  20
45  0.2    411.6  21
46  0.5    409.7  22
47  0.7    405.1  23
48  0.9    395.3  0
49  0.5    393.4  1
50  0.6    389.8  2
51  0.1    400.0  3
52  0.3    397.6  4
53  24.4   387.5  5
54  157.4  400.0  6
55  352.7  412.3  7
56  531.3  426.4  8
57  652.7  436.5  9
58  716.1  442.8  10
59  804.6  448.7  11
60  799.8  447.7  12
61  714.7  448.1  13
62  567.0  449.1  14
63  385.2  443.4  15
64  139.2  435.1  16
65  36.3   431.1  17
66  1.3    423.8  18
67  0.2    416.2  19
68  0.2    412.9  20
69  0.2    411.6  21
70  0.5    409.7  22
71  0.7    405.1  23
72  0.9    395.3  0
73  0.5    393.4  1
74  0.6    389.8  2
75  0.1    400.0  3
76  0.3    397.6  4
77  24.4   387.5  5
78  157.4  400.0  6
79  352.7  412.3  7
80  531.3  426.4  8
81  652.7  436.5  9
82  716.1  442.8  10
83  804.6  448.7  11
84  799.8  447.7  12
85  714.7  448.1  13
86  567.0  449.1  14
87  385.2  443.4  15
88  139.2  435.1  16
89  36.3   431.1  17
90  1.3    423.8  18
91  0.2    416.2  19
92  0.2    412.9  20
93  0.2    411.6  21
94  0.5    409.7  22
95  0.7    405.1  23
96  0.9    395.3  0
