0   1.1218  23.940   0.0   15.818  0 
1   1.6669  23.800   0.0   15.144  1 
2   1.8704  23.383   0.0   14.627  2 
3   2.2524  23.340   0.0   14.806  3 
4   2.6438  23.192   0.0   14.727  4 
5   2.9013  22.840   0.0   14.428  5 
6   2.0397  23.315   0.0   14.066  6 
7   1.7583  24.193   0.0   13.984  7 
8   0.8642  25.888   0.0   14.301  8 
9   0.8254  27.692   0.0   13.939  9 
10  2.8650  28.528   0.0   13.945  10 
11  3.1206  29.293   0.0   12.719  11 
12  3.4932  29.535   0.0   12.439  12 
13  3.6192  30.293   0.0   12.541  13 
14  2.9536  30.597   0.0   13.407  14 
15  3.4833  30.645   0.0   14.031  15 
16  3.5606  29.585   0.0   14.964  16 
17  3.2110  28.440   0.0   16.043  17 
18  3.4758  27.458   0.0   15.338  18 
19  3.8569  26.748   0.0   15.134  19 
20  3.1190  26.395   0.0   15.639  20
21  2.7692  26.098   0.0   16.448  21
22  1.8495  25.838   0.0   16.544  22
23  1.5690  25.467   0.0   16.822  23
24  1.1218  23.940   0.0   15.818  0 
25  1.6669  23.800   0.0   15.144  1 
26  1.8704  23.383   0.0   14.627  2 
27  2.2524  23.340   0.0   14.806  3 
28  2.6438  23.192   0.0   14.727  4 
29  2.9013  22.840   0.0   14.428  5 
30  2.0397  23.315   0.0   14.066  6 
31  1.7583  24.193   0.0   13.984  7 
32  0.8642  25.888   0.0   14.301  8 
33  0.8254  27.692   0.0   13.939  9 
34  2.8650  28.528   0.0   13.945  10 
35  3.1206  29.293   0.0   12.719  11 
36  3.4932  29.535   0.0   12.439  12 
37  3.6192  30.293   0.0   12.541  13 
38  2.9536  30.597   0.0   13.407  14 
39  3.4833  30.645   0.0   14.031  15 
40  3.5606  29.585   0.0   14.964  16 
41  3.2110  28.440   0.0   16.043  17 
42  3.4758  27.458   0.0   15.338  18 
43  3.8569  26.748   0.0   15.134  19 
44  3.1190  26.395   0.0   15.639  20
45  2.7692  26.098   0.0   16.448  21
46  1.8495  25.838   0.0   16.544  22
47  1.5690  25.467   0.0   16.822  23
48  1.1218  23.940   0.0   15.818  0 
49  1.6669  23.800   0.0   15.144  1 
50  1.8704  23.383   0.0   14.627  2 
51  2.2524  23.340   0.0   14.806  3 
52  2.6438  23.192   0.0   14.727  4 
53  2.9013  22.840   0.0   14.428  5 
54  2.0397  23.315   0.0   14.066  6 
55  1.7583  24.193   0.0   13.984  7 
56  0.8642  25.888   0.0   14.301  8 
57  0.8254  27.692   0.0   13.939  9 
58  2.8650  28.528   0.0   13.945  10 
59  3.1206  29.293   0.0   12.719  11 
60  3.4932  29.535   0.0   12.439  12 
61  3.6192  30.293   0.0   12.541  13 
62  2.9536  30.597   0.0   13.407  14 
63  3.4833  30.645   0.0   14.031  15 
64  3.5606  29.585   0.0   14.964  16 
65  3.2110  28.440   0.0   16.043  17 
66  3.4758  27.458   0.0   15.338  18 
67  3.8569  26.748   0.0   15.134  19 
68  3.1190  26.395   0.0   15.639  20
69  2.7692  26.098   0.0   16.448  21
70  1.8495  25.838   0.0   16.544  22
71  1.5690  25.467   0.0   16.822  23
72  1.1218  23.940   0.0   15.818  0 
73  1.6669  23.800   0.0   15.144  1 
74  1.8704  23.383   0.0   14.627  2 
75  2.2524  23.340   0.0   14.806  3 
76  2.6438  23.192   0.0   14.727  4 
77  2.9013  22.840   0.0   14.428  5 
78  2.0397  23.315   0.0   14.066  6 
79  1.7583  24.193   0.0   13.984  7 
80  0.8642  25.888   0.0   14.301  8 
81  0.8254  27.692   0.0   13.939  9 
82  2.8650  28.528   0.0   13.945  10 
83  3.1206  29.293   0.0   12.719  11 
84  3.4932  29.535   0.0   12.439  12 
85  3.6192  30.293   0.0   12.541  13 
86  2.9536  30.597   0.0   13.407  14 
87  3.4833  30.645   0.0   14.031  15 
88  3.5606  29.585   0.0   14.964  16 
89  3.2110  28.440   0.0   16.043  17 
90  3.4758  27.458   0.0   15.338  18 
91  3.8569  26.748   0.0   15.134  19 
92  3.1190  26.395   0.0   15.639  20
93  2.7692  26.098   0.0   16.448  21
94  1.8495  25.838   0.0   16.544  22
95  1.5690  25.467   0.0   16.822  23
96  1.1218  23.940   0.0   15.818  0 
