0.000000 1.121800
1.000000 1.666900
2.000000 1.870400
3.000000 2.252400
4.000000 2.643800
5.000000 2.901300
6.000000 2.039700
7.000000 1.758300
8.000000 0.864200
9.000000 0.825400
10.000000 2.865000
11.000000 3.120600
12.000000 3.493200
13.000000 3.619200
14.000000 2.953600
15.000000 3.483300
16.000000 3.560600
17.000000 3.211000
18.000000 3.475800
19.000000 3.856900
20.000000 3.119000
21.000000 2.769200
22.000000 1.849500
23.000000 1.569000
24.000000 1.121800
25.000000 1.666900
26.000000 1.870400
27.000000 2.252400
28.000000 2.643800
29.000000 2.901300
30.000000 2.039700
31.000000 1.758300
32.000000 0.864200
33.000000 0.825400
34.000000 2.865000
35.000000 3.120600
36.000000 3.493200
37.000000 3.619200
38.000000 2.953600
39.000000 3.483300
40.000000 3.560600
41.000000 3.211000
42.000000 3.475800
43.000000 3.856900
44.000000 3.119000
45.000000 2.769200
46.000000 1.849500
47.000000 1.569000
48.000000 1.121800
49.000000 1.666900
50.000000 1.870400
51.000000 2.252400
52.000000 2.643800
53.000000 2.901300
54.000000 2.039700
55.000000 1.758300
56.000000 0.864200
57.000000 0.825400
58.000000 2.865000
59.000000 3.120600
60.000000 3.493200
61.000000 3.619200
62.000000 2.953600
63.000000 3.483300
64.000000 3.560600
65.000000 3.211000
66.000000 3.475800
67.000000 3.856900
68.000000 3.119000
69.000000 2.769200
70.000000 1.849500
71.000000 1.569000
72.000000 1.121800
73.000000 1.666900
74.000000 1.870400
75.000000 2.252400
76.000000 2.643800
77.000000 2.901300
78.000000 2.039700
79.000000 1.758300
80.000000 0.864200
81.000000 0.825400
82.000000 2.865000
83.000000 3.120600
84.000000 3.493200
85.000000 3.619200
86.000000 2.953600
87.000000 3.483300
88.000000 3.560600
89.000000 3.211000
90.000000 3.475800
91.000000 3.856900
92.000000 3.119000
93.000000 2.769200
94.000000 1.849500
95.000000 1.569000
96.000000 1.121800
