0.000000 0.900000
1.000000 0.500000
2.000000 0.600000
3.000000 0.100000
4.000000 0.300000
5.000000 24.400000
6.000000 157.400000
7.000000 352.700000
8.000000 531.300000
9.000000 652.700000
10.000000 716.100000
11.000000 804.600000
12.000000 799.800000
13.000000 714.700000
14.000000 567.000000
15.000000 385.200000
16.000000 139.200000
17.000000 36.300000
18.000000 1.300000
19.000000 0.200000
20.000000 0.200000
21.000000 0.200000
22.000000 0.500000
23.000000 0.700000
24.000000 0.900000
25.000000 0.500000
26.000000 0.600000
27.000000 0.100000
28.000000 0.300000
29.000000 24.400000
30.000000 157.400000
31.000000 352.700000
32.000000 531.300000
33.000000 652.700000
34.000000 716.100000
35.000000 804.600000
36.000000 799.800000
37.000000 714.700000
38.000000 567.000000
39.000000 385.200000
40.000000 139.200000
41.000000 36.300000
42.000000 1.300000
43.000000 0.200000
44.000000 0.200000
45.000000 0.200000
46.000000 0.500000
47.000000 0.700000
48.000000 0.900000
49.000000 0.500000
50.000000 0.600000
51.000000 0.100000
52.000000 0.300000
53.000000 24.400000
54.000000 157.400000
55.000000 352.700000
56.000000 531.300000
57.000000 652.700000
58.000000 716.100000
59.000000 804.600000
60.000000 799.800000
61.000000 714.700000
62.000000 567.000000
63.000000 385.200000
64.000000 139.200000
65.000000 36.300000
66.000000 1.300000
67.000000 0.200000
68.000000 0.200000
69.000000 0.200000
70.000000 0.500000
71.000000 0.700000
72.000000 0.900000
73.000000 0.500000
74.000000 0.600000
75.000000 0.100000
76.000000 0.300000
77.000000 24.400000
78.000000 157.400000
79.000000 352.700000
80.000000 531.300000
81.000000 652.700000
82.000000 716.100000
83.000000 804.600000
84.000000 799.800000
85.000000 714.700000
86.000000 567.000000
87.000000 385.200000
88.000000 139.200000
89.000000 36.300000
90.000000 1.300000
91.000000 0.200000
92.000000 0.200000
93.000000 0.200000
94.000000 0.500000
95.000000 0.700000
96.000000 0.900000
