0.000000 15.818000
1.000000 15.144000
2.000000 14.627000
3.000000 14.806000
4.000000 14.727000
5.000000 14.428000
6.000000 14.066000
7.000000 13.984000
8.000000 14.301000
9.000000 13.939000
10.000000 13.945000
11.000000 12.719000
12.000000 12.439000
13.000000 12.541000
14.000000 13.407000
15.000000 14.031000
16.000000 14.964000
17.000000 16.043000
18.000000 15.338000
19.000000 15.134000
20.000000 15.639000
21.000000 16.448000
22.000000 16.544000
23.000000 16.822000
24.000000 15.818000
25.000000 15.144000
26.000000 14.627000
27.000000 14.806000
28.000000 14.727000
29.000000 14.428000
30.000000 14.066000
31.000000 13.984000
32.000000 14.301000
33.000000 13.939000
34.000000 13.945000
35.000000 12.719000
36.000000 12.439000
37.000000 12.541000
38.000000 13.407000
39.000000 14.031000
40.000000 14.964000
41.000000 16.043000
42.000000 15.338000
43.000000 15.134000
44.000000 15.639000
45.000000 16.448000
46.000000 16.544000
47.000000 16.822000
48.000000 15.818000
49.000000 15.144000
50.000000 14.627000
51.000000 14.806000
52.000000 14.727000
53.000000 14.428000
54.000000 14.066000
55.000000 13.984000
56.000000 14.301000
57.000000 13.939000
58.000000 13.945000
59.000000 12.719000
60.000000 12.439000
61.000000 12.541000
62.000000 13.407000
63.000000 14.031000
64.000000 14.964000
65.000000 16.043000
66.000000 15.338000
67.000000 15.134000
68.000000 15.639000
69.000000 16.448000
70.000000 16.544000
71.000000 16.822000
72.000000 15.818000
73.000000 15.144000
74.000000 14.627000
75.000000 14.806000
76.000000 14.727000
77.000000 14.428000
78.000000 14.066000
79.000000 13.984000
80.000000 14.301000
81.000000 13.939000
82.000000 13.945000
83.000000 12.719000
84.000000 12.439000
85.000000 12.541000
86.000000 13.407000
87.000000 14.031000
88.000000 14.964000
89.000000 16.043000
90.000000 15.338000
91.000000 15.134000
92.000000 15.639000
93.000000 16.448000
94.000000 16.544000
95.000000 16.822000
96.000000 15.818000
