0.000000 395.300000
1.000000 393.400000
2.000000 389.800000
3.000000 400.000000
4.000000 397.600000
5.000000 387.500000
6.000000 400.000000
7.000000 412.300000
8.000000 426.400000
9.000000 436.500000
10.000000 442.800000
11.000000 448.700000
12.000000 447.700000
13.000000 448.100000
14.000000 449.100000
15.000000 443.400000
16.000000 435.100000
17.000000 431.100000
18.000000 423.800000
19.000000 416.200000
20.000000 412.900000
21.000000 411.600000
22.000000 409.700000
23.000000 405.100000
24.000000 395.300000
25.000000 393.400000
26.000000 389.800000
27.000000 400.000000
28.000000 397.600000
29.000000 387.500000
30.000000 400.000000
31.000000 412.300000
32.000000 426.400000
33.000000 436.500000
34.000000 442.800000
35.000000 448.700000
36.000000 447.700000
37.000000 448.100000
38.000000 449.100000
39.000000 443.400000
40.000000 435.100000
41.000000 431.100000
42.000000 423.800000
43.000000 416.200000
44.000000 412.900000
45.000000 411.600000
46.000000 409.700000
47.000000 405.100000
48.000000 395.300000
49.000000 393.400000
50.000000 389.800000
51.000000 400.000000
52.000000 397.600000
53.000000 387.500000
54.000000 400.000000
55.000000 412.300000
56.000000 426.400000
57.000000 436.500000
58.000000 442.800000
59.000000 448.700000
60.000000 447.700000
61.000000 448.100000
62.000000 449.100000
63.000000 443.400000
64.000000 435.100000
65.000000 431.100000
66.000000 423.800000
67.000000 416.200000
68.000000 412.900000
69.000000 411.600000
70.000000 409.700000
71.000000 405.100000
72.000000 395.300000
73.000000 393.400000
74.000000 389.800000
75.000000 400.000000
76.000000 397.600000
77.000000 387.500000
78.000000 400.000000
79.000000 412.300000
80.000000 426.400000
81.000000 436.500000
82.000000 442.800000
83.000000 448.700000
84.000000 447.700000
85.000000 448.100000
86.000000 449.100000
87.000000 443.400000
88.000000 435.100000
89.000000 431.100000
90.000000 423.800000
91.000000 416.200000
92.000000 412.900000
93.000000 411.600000
94.000000 409.700000
95.000000 405.100000
96.000000 395.300000
