0.000000 23.940000
1.000000 23.800000
2.000000 23.383000
3.000000 23.340000
4.000000 23.192000
5.000000 22.840000
6.000000 23.315000
7.000000 24.193000
8.000000 25.888000
9.000000 27.692000
10.000000 28.528000
11.000000 29.293000
12.000000 29.535000
13.000000 30.293000
14.000000 30.597000
15.000000 30.645000
16.000000 29.585000
17.000000 28.440000
18.000000 27.458000
19.000000 26.748000
20.000000 26.395000
21.000000 26.098000
22.000000 25.838000
23.000000 25.467000
24.000000 23.940000
25.000000 23.800000
26.000000 23.383000
27.000000 23.340000
28.000000 23.192000
29.000000 22.840000
30.000000 23.315000
31.000000 24.193000
32.000000 25.888000
33.000000 27.692000
34.000000 28.528000
35.000000 29.293000
36.000000 29.535000
37.000000 30.293000
38.000000 30.597000
39.000000 30.645000
40.000000 29.585000
41.000000 28.440000
42.000000 27.458000
43.000000 26.748000
44.000000 26.395000
45.000000 26.098000
46.000000 25.838000
47.000000 25.467000
48.000000 23.940000
49.000000 23.800000
50.000000 23.383000
51.000000 23.340000
52.000000 23.192000
53.000000 22.840000
54.000000 23.315000
55.000000 24.193000
56.000000 25.888000
57.000000 27.692000
58.000000 28.528000
59.000000 29.293000
60.000000 29.535000
61.000000 30.293000
62.000000 30.597000
63.000000 30.645000
64.000000 29.585000
65.000000 28.440000
66.000000 27.458000
67.000000 26.748000
68.000000 26.395000
69.000000 26.098000
70.000000 25.838000
71.000000 25.467000
72.000000 23.940000
73.000000 23.800000
74.000000 23.383000
75.000000 23.340000
76.000000 23.192000
77.000000 22.840000
78.000000 23.315000
79.000000 24.193000
80.000000 25.888000
81.000000 27.692000
82.000000 28.528000
83.000000 29.293000
84.000000 29.535000
85.000000 30.293000
86.000000 30.597000
87.000000 30.645000
88.000000 29.585000
89.000000 28.440000
90.000000 27.458000
91.000000 26.748000
92.000000 26.395000
93.000000 26.098000
94.000000 25.838000
95.000000 25.467000
96.000000 23.940000
