1 0.5
2 0.0
3 0.5
4 1.0
5 1.5
6 2.5
7 2.5
8 1.0
9 3.0
10 1.5
11 3.0
12 1.0
13 1.5
14 2.0
15 4.0
16 2.0
17 1.5
18 3.0
19 4.0
20 3.0
21 4.0
22 3.5
23 5.0
24 5.5
25 4.0
26 3.5
27 4.5
28 4.0
29 5.0
30 4.0
31 4.0
32 4.5
33 4.0
34 4.0
35 3.0
36 4.5
37 3.0
38 2.0
39 2.0
40 4.5
41 2.0
42 1.0
43 0.5
44 0.0
45 0.0
46 0.5
47 0.0
48 0.5
49 0.5
50 0.5
51 0.5
52 0.5
53 0.5
54 0.0
55 0.0
56 0.0
57 0.0
58 0.0
59 0.0
60 0.0
61 0.0
62 0.0
63 0.0
64 0.0
65 0.0
66 0.0
67 0.0
68 0.0
69 0.0
70 0.0
71 0.0
72 0.0
73 0.0
74 0.0
75 0.0
76 0.0
77 0.0
78 0.0
79 0.0
80 0.0
81 0.0
82 0.0
83 0.0
84 0.0
85 0.0
86 0.0
87 0.0
88 0.0
89 0.0
90 0.0
91 0.0
92 0.0
93 0.0
94 0.0
95 0.0
96 0.0
97 0.0
98 0.0
99 0.0
100 0.0
101 0.0
102 0.0
103 0.0
104 0.0
105 0.0
106 0.0
107 0.0
108 0.0
109 0.0
110 0.0
111 0.0
112 0.0
113 0.0
114 0.0
115 0.0
116 0.0
117 0.0
118 0.0
119 0.0
120 0.0
121 0.0
122 0.0
123 0.0
124 0.0
125 0.0
126 0.0
127 0.0
128 0.0
129 0.0
130 0.0
131 0.0
132 0.0
133 0.0
134 0.0
135 0.0
136 0.0
137 0.0
138 0.0
139 0.0
140 0.0
141 0.0
142 0.0
143 0.0
144 0.0
 
