43200  29.63030  29.26000  29.15143  29.03750  28.95000  30.60857  30.77429  12
43560  29.98744  29.87429  29.66571  29.98750  29.80714  30.26333  30.32667  12
43920  30.65952  30.11429  30.90000  30.65714  30.42857  30.55714  31.30000  13
44280  30.58591  30.48333  30.95714  30.57500  29.25714  30.88571  31.35714  13
44640  30.77946  30.05714  30.85000  30.36667  30.96250  31.15714  31.28333  14
45000  30.77857  30.15714  31.51429  31.27143  30.20000  30.05714  31.47143  14
45360  30.96825  30.56667  31.40000  30.80000  30.68571  31.50000  30.85714  15
45720  31.15754  30.62857  31.21667  31.14286  31.30000  31.25714  31.40000  15
46080  31.40714  30.90000  31.68571  31.00000  31.30000  31.67143  31.88571  16
46440  31.24365  31.22500  31.37143  31.18750  31.35714  31.03750  31.28333  16
46800  31.40625  31.05714  31.70000  31.18750  31.37143  31.57143  31.55000  17
47160  31.05429  31.18571  31.10000  31.08571  30.83333  31.06667  -99.9999  17
47520  30.78143  30.87143  31.05000  30.72857  30.42857  30.82857  -99.9999  18
47880  30.45714  30.58571  30.40000  30.08571  30.50000  30.71429  -99.9999  18
48240  30.06677  30.27143  30.03333  29.91250  29.94286  29.95714  30.28333  19
48600  29.79127  29.93333  29.64286  29.52857  29.95714  29.91429  29.77143  19
48960  29.76736  29.80000  29.64286  29.42500  29.56250  30.11667  30.05714  20
49320  29.34653  29.35714  29.38750  29.10000  29.37500  29.44286  29.41667  20
49680  28.67143  29.00000  28.58571  28.40000  28.52857  28.71429  28.80000  21
50040  28.35169  28.51429  28.28571  28.26250  28.21429  28.35000  28.48333  21
50400  28.16567  28.38571  28.15714  28.21250  27.86250  28.14286  28.23333  22
50760  28.09087  28.04286  27.91429  28.00000  28.05714  28.21667  28.31429  22
51120  28.02619  28.21429  27.90000  27.98571  27.70000  28.00000  28.35714  23
51480  27.95976  28.01667  27.93333  27.85714  27.67143  27.78000  28.50000  23
51840  27.84762  27.74286  27.70000  27.64286  27.77143  28.05714  28.17143  0
52200  27.60804  27.75714  27.47143  27.56250  27.41429  27.58571  27.85714  0
52560  27.60655  27.98571  27.50000  27.57143  27.32857  27.52857  27.72500  1
52920  27.55476  27.92857  27.40000  27.44286  27.22857  27.60000  27.72857  1
53280  27.53740  27.85714  27.43333  27.27143  27.40000  27.50000  27.76250  2
53640  27.52857  27.91429  27.50000  27.25714  27.30000  27.50000  27.70000  2
54000  27.64313  28.02857  27.72857  27.22857  27.50000  27.48750  27.88571  3
54360  27.51587  27.90000  27.34286  27.21429  27.37143  27.55000  27.71667  3
54720  27.43611  28.00000  27.30000  27.20000  27.14286  27.35714  27.61667  4
55080  27.35476  27.71429  27.17143  27.24286  26.98571  27.47143  27.54286  4
55440  27.33294  27.70000  27.22857  27.31429  27.00000  27.27143  27.48333  5
55800  27.31190  27.57143  27.41429  27.37143  27.14286  27.10000  27.27143  5
56160  27.45823  27.64286  27.41429  27.37143  27.28333  27.40000  27.63750  6
56520  27.91042  28.37143  27.87143  27.71429  27.66250  27.82857  28.01429  6
56880  28.36141  28.78571  28.21667  28.41429  27.92857  28.18571  28.63750  7
57240  28.80030  28.71429  28.95714  28.66250  28.31429  28.82857  29.32500  7
57600  29.59286  29.45714  29.77143  30.07143  29.12857  29.72857  29.90000  8
57960  30.13988  30.21429  30.01429  30.07143  29.82500  29.92857  30.78571  8
58320  31.13333  31.05714  31.16667  30.80000  31.68571  31.01429  31.07619  9
58680  31.25188  31.11667  31.13333  31.05714  31.10000  31.73750  31.36667  9
59040  32.31349  32.06667  32.95714  31.98571  32.12857  32.38571  32.35714  10
59400  32.55794  33.02857  32.47143  32.00000  32.80000  32.71429  32.33333  10
59760  33.62460  32.41667  33.15714  32.30000  32.45714  33.10000  32.31667  11
60120  33.02619  32.95000  33.58571  33.00000  32.84286  33.25000  32.52857  11
60480  33.25228  33.23750  33.84286  33.08571  33.00000  33.43333  32.91429  12
