43200 34.98331 34.61556 35.49429 34.73571 34.3 36.08 34.67429 12
43560 34.56254 34.09333 35.66333 34.07857 34.2 35.28 34.06 12
43920 34.60609 34.0475 35.32286 34.13571 34.78333 35.53 33.81714 13
44280 34.51492 33.62667 35.58 34.96429 33.89286 34.42286 34.60286 13
44640 34.31125 33.56 34.95143 35.22143 34.42143 33.66571 34.0475 14
45000 34.22821 33.34571 34.155 35.25 34.40714 34.43714 33.77429 14
45360 34.17524 33.36 34.26571 34.10714 33.83571 35.60857 33.87429 15
45720 33.86532 33.30286 33.86571 34.28333 33.85 33.83 34.06 15
46080 33.58089 32.44571 33.36571 34.2125 34.10714 33.99429 33.36 16
46440 33.45718 32.58857 33.06571 33.11667 33.89286 34.805 33.27429 16
46800 32.85639 32.07667 32.78 33.20714 32.975 33.22286 32.87667 17
47160 32.51601 32.24571 32.55143 32.35 32.62143 32.455 32.8725 17
47520 32.08 31.80286 32.06571 31.79286 32.16429 32.36571 32.28857 18
47880 31.47196 31.08857 31.49429 31.33571 31.5875 31.65143 31.67429 18
48240 30.91214 30.44571 31.05143 30.75 31 31.13714 31.08857 19
48600 30.56978 30.3725 30.58 30.53333 30.75 30.42286 30.76 19
48960 30.22048 29.88857 30.43714 30.20714 30.17857 30.25143 30.36 20
49320 30.07435 29.66 30.18 30.07857 30.3125 30.0425 30.1725 20
49680 29.96571 29.70286 30.12286 29.86429 30.12143 29.85143 30.13143 21
50040 29.8181 29.50286 29.98 29.73571 29.96429 29.75143 29.8225 21
50400 29.81125 29.67429 29.905 29.99286 29.72143 29.75143 29.8225 22
50760 29.59429 29.47429 29.83714 29.65 29.56429 29.38 29.66 22
51120 29.44905 29.26 29.48 29.42143 29.53571 29.49429 29.50286 23
51480 29.40143 29.26 29.45143 29.35 29.49286 29.45143 29.40286 23
51840 29.15341 29.17429 29.33714 29.19286 29.37857 28.76333 29.07429 0
52200 29.02246 28.88857 29.05143 28.95 29.10714 29.06333 29.07429 0
52560 28.87762 28.86 28.85143 28.80714 28.92143 28.88 28.94571 1
52920 28.83357 28.76 28.79429 28.85 28.9 28.80857 28.88857 1
53280 28.79349 28.83143 28.85143 28.69286 28.83571 28.74667 28.80286 2
53640 28.70143 28.76 28.69429 28.73571 28.75 28.49429 28.77429 2
54000 28.68714 28.70286 28.68 28.57857 28.72143 28.62286 28.81714 3
54360 28.53476 28.48857 28.58 28.42143 28.65 28.42286 28.64571 3
54720 28.48 28.43143 28.48 28.30714 28.65 28.50857 28.50286 4
55080 28.43952 28.40286 28.38 28.30714 28.59286 28.42286 28.53143 4
55440 28.40817 28.26 28.40857 28.35 28.50714 28.48 28.44333 5
55800 28.41095 28.33143 28.45143 28.35 28.45 28.40857 28.47429 5
56160 28.5919 28.56 28.70857 28.55 28.63571 28.55143 28.54571 6
56520 29.04667 28.77429 29.16571 28.95 29.00714 29.06571 29.31714 6
56880 29.62048 29.44571 29.62286 29.55 29.55 29.20857 30.34571 7
57240 30.27167 29.97429 30.35143 30.42143 30.42143 29.93 30.53143 7
57600 31.29032 30.66 31.20857 31.23333 31.70714 31.23 31.70286 8
57960 32.2304 31.71 32.66571 32.25 32.17857 32.54667 32.03143 8
58320 32.86214 31.51714 33.52286 33.1 32.46429 33.20857 33.36 9
58680 33.68833 32.54571 33.15143 33.6 35.02143 34.28 33.53143 9
59040 33.65738 32.40286 34.10857 34.25 32.65 35.03 33.50286 10
59400 33.77484 32.83143 33.92286 33.13333 34.52143 34.70857 33.53143 10
59760 34.15778 34.12667 34.70857 33.65 33.63571 35.06571 33.76 11
60120 34.92752 34.385 35.00857 34.23333 34.5125 36.73714 34.68857 11
60480 35.1681 36.46 35.72286 34.57857 34.57857 35.65143 34.01714 12
